1000
0 1
0 2
2 3
2 4
4 5
5 6
5 7
6 8
4 9
9 10
7 11
9 12
6 13
10 14
3 15
13 16
13 17
10 18
8 19
1 20
1 21
12 22
18 23
20 24
23 25
3 26
22 27
22 28
7 29
26 30
17 31
30 32
26 33
8 34
18 35
19 36
31 37
14 38
23 39
24 40
40 41
38 42
20 43
17 44
35 45
43 46
34 47
46 48
27 49
46 50
38 51
33 52
33 53
14 54
31 55
39 56
35 57
19 58
49 59
40 60
24 61
48 62
45 63
63 64
58 65
52 66
49 67
66 68
65 69
11 70
60 71
68 72
58 73
50 74
41 75
41 76
54 77
66 78
65 79
71 80
32 81
55 82
63 83
55 84
43 85
45 86
32 87
56 88
87 89
76 90
28 91
29 92
85 93
64 94
51 95
16 96
72 97
60 98
50 99
70 100
81 101
34 102
97 103
97 104
74 105
42 106
78 107
12 108
75 109
11 110
110 111
15 112
89 113
98 114
39 115
111 116
68 117
103 118
51 119
98 120
76 121
111 122
86 123
93 124
25 125
91 126
59 127
84 128
114 129
28 130
61 131
102 132
61 133
110 134
79 135
109 136
71 137
99 138
83 139
64 140
140 141
104 142
77 143
77 144
48 145
130 146
116 147
29 148
47 149
115 150
133 151
42 152
95 153
101 154
25 155
90 156
86 157
133 158
125 159
47 160
107 161
134 162
100 163
152 164
164 165
108 166
78 167
154 168
36 169
99 170
132 171
16 172
59 173
84 174
170 175
127 176
159 177
140 178
30 179
103 180
112 181
163 182
149 183
148 184
129 185
112 186
120 187
96 188
36 189
127 190
137 191
106 192
74 193
116 194
184 195
57 196
100 197
158 198
187 199
122 200
163 201
168 202
188 203
101 204
135 205
191 206
162 207
54 208
131 209
138 210
87 211
72 212
128 213
107 214
172 215
148 216
94 217
21 218
160 219
212 220
203 221
144 222
83 223
179 224
141 225
203 226
142 227
91 228
166 229
194 230
135 231
208 232
219 233
187 234
53 235
125 236
136 237
95 238
229 239
171 240
44 241
165 242
124 243
143 244
44 245
221 246
151 247
162 248
73 249
184 250
227 251
104 252
221 253
122 254
199 255
89 256
222 257
145 258
250 259
232 260
234 261
109 262
251 263
202 264
131 265
88 266
229 267
155 268
198 269
183 270
246 271
113 272
168 273
144 274
220 275
37 276
193 277
169 278
276 279
252 280
245 281
272 282
153 283
179 284
231 285
158 286
254 287
287 288
174 289
211 290
123 291
155 292
238 293
129 294
260 295
227 296
291 297
295 298
57 299
90 300
261 301
224 302
92 303
238 304
164 305
136 306
70 307
106 308
171 309
201 310
228 311
218 312
178 313
175 314
264 315
151 316
126 317
161 318
137 319
121 320
195 321
214 322
291 323
303 324
96 325
266 326
118 327
253 328
270 329
283 330
309 331
128 332
121 333
145 334
167 335
256 336
246 337
146 338
180 339
73 340
232 341
160 342
142 343
265 344
285 345
307 346
315 347
316 348
185 349
199 350
228 351
170 352
242 353
200 354
132 355
215 356
186 357
147 358
237 359
173 360
88 361
222 362
332 363
197 364
275 365
180 366
149 367
166 368
147 369
102 370
284 371
315 372
275 373
117 374
345 375
200 376
329 377
157 378
192 379
212 380
371 381
351 382
191 383
241 384
154 385
80 386
80 387
182 388
108 389
173 390
348 391
327 392
343 393
237 394
120 395
75 396
348 397
15 398
286 399
252 400
150 401
388 402
319 403
134 404
351 405
118 406
369 407
186 408
341 409
404 410
224 411
248 412
233 413
378 414
353 415
115 416
175 417
260 418
126 419
216 420
156 421
143 422
416 423
419 424
269 425
273 426
189 427
215 428
251 429
182 430
214 431
157 432
325 433
380 434
409 435
398 436
350 437
375 438
254 439
172 440
433 441
183 442
437 443
295 444
333 445
94 446
340 447
384 448
417 449
206 450
398 451
363 452
411 453
340 454
297 455
379 456
299 457
310 458
358 459
153 460
369 461
444 462
271 463
409 464
176 465
243 466
193 467
226 468
403 469
204 470
439 471
435 472
69 473
297 474
52 475
451 476
443 477
375 478
276 479
146 480
159 481
471 482
286 483
318 484
436 485
353 486
471 487
383 488
486 489
210 490
484 491
361 492
328 493
458 494
317 495
435 496
390 497
209 498
417 499
240 500
467 501
404 502
469 503
498 504
426 505
210 506
462 507
244 508
258 509
190 510
273 511
339 512
233 513
304 514
448 515
421 516
217 517
493 518
327 519
27 520
433 521
211 522
384 523
261 524
368 525
418 526
376 527
449 528
463 529
505 530
225 531
477 532
213 533
344 534
92 535
268 536
504 537
316 538
349 539
271 540
313 541
466 542
156 543
490 544
423 545
541 546
465 547
371 548
367 549
510 550
267 551
444 552
473 553
298 554
462 555
408 556
455 557
386 558
209 559
448 560
427 561
177 562
461 563
256 564
290 565
421 566
427 567
292 568
264 569
534 570
320 571
543 572
309 573
413 574
502 575
346 576
460 577
198 578
481 579
293 580
438 581
443 582
245 583
367 584
484 585
511 586
220 587
452 588
336 589
280 590
333 591
397 592
317 593
527 594
21 595
241 596
119 597
324 598
509 599
465 600
478 601
319 602
499 603
586 604
552 605
331 606
257 607
356 608
350 609
537 610
196 611
257 612
308 613
300 614
507 615
552 616
290 617
561 618
607 619
326 620
602 621
460 622
573 623
105 624
325 625
258 626
161 627
584 628
334 629
67 630
470 631
255 632
442 633
414 634
311 635
583 636
248 637
403 638
373 639
428 640
105 641
555 642
141 643
558 644
451 645
601 646
53 647
280 648
441 649
301 650
181 651
380 652
386 653
649 654
400 655
574 656
331 657
223 658
93 659
379 660
346 661
303 662
508 663
266 664
487 665
192 666
453 667
504 668
499 669
599 670
468 671
662 672
446 673
324 674
565 675
208 676
411 677
670 678
571 679
588 680
627 681
318 682
584 683
419 684
546 685
658 686
512 687
652 688
314 689
608 690
394 691
529 692
482 693
529 694
588 695
562 696
520 697
311 698
593 699
355 700
575 701
207 702
543 703
440 704
476 705
306 706
447 707
519 708
308 709
338 710
590 711
662 712
391 713
624 714
287 715
310 716
639 717
685 718
669 719
535 720
621 721
703 722
314 723
682 724
461 725
336 726
572 727
570 728
636 729
507 730
592 731
490 732
690 733
292 734
402 735
497 736
697 737
424 738
554 739
37 740
643 741
512 742
728 743
284 744
334 745
299 746
81 747
400 748
524 749
428 750
553 751
574 752
625 753
684 754
150 755
737 756
652 757
406 758
505 759
613 760
591 761
312 762
610 763
459 764
572 765
442 766
416 767
571 768
293 769
683 770
263 771
235 772
282 773
283 774
376 775
759 776
349 777
176 778
516 779
496 780
566 781
641 782
534 783
530 784
676 785
580 786
201 787
546 788
753 789
774 790
387 791
494 792
692 793
130 794
474 795
697 796
343 797
779 798
328 799
520 800
589 801
267 802
288 803
749 804
366 805
779 806
676 807
782 808
656 809
727 810
139 811
474 812
528 813
463 814
486 815
710 816
590 817
438 818
554 819
758 820
174 821
606 822
355 823
218 824
803 825
813 826
620 827
274 828
707 829
259 830
731 831
646 832
545 833
406 834
434 835
817 836
496 837
278 838
635 839
269 840
690 841
623 842
300 843
741 844
488 845
508 846
359 847
816 848
626 849
585 850
599 851
468 852
354 853
472 854
535 855
190 856
385 857
730 858
511 859
213 860
364 861
614 862
557 863
450 864
447 865
632 866
368 867
548 868
244 869
836 870
852 871
219 872
670 873
765 874
811 875
339 876
866 877
342 878
561 879
773 880
694 881
469 882
553 883
799 884
501 885
549 886
253 887
820 888
518 889
790 890
667 891
388 892
67 893
569 894
725 895
274 896
799 897
382 898
809 899
294 900
344 901
614 902
882 903
366 904
878 905
874 906
124 907
434 908
828 909
604 910
575 911
513 912
459 913
265 914
641 915
718 916
341 917
250 918
625 919
616 920
654 921
542 922
683 923
868 924
525 925
475 926
396 927
763 928
915 929
873 930
807 931
573 932
277 933
516 934
669 935
446 936
304 937
876 938
787 939
642 940
689 941
741 942
530 943
739 944
753 945
808 946
778 947
776 948
594 949
321 950
564 951
671 952
526 953
270 954
601 955
736 956
491 957
717 958
778 959
760 960
611 961
600 962
709 963
527 964
745 965
332 966
823 967
664 968
513 969
698 970
206 971
593 972
960 973
731 974
883 975
861 976
915 977
865 978
658 979
900 980
978 981
502 982
622 983
62 984
551 985
761 986
742 987
929 988
823 989
720 990
978 991
566 992
113 993
470 994
636 995
910 996
991 997
568 998
968 999
no